array	coarray	images/	nodes	file
size	size	cores		size

128	16	4096	128	32g


lfs	lfs	lfs	time,s	rate
stripe	stripe	stripe		MB/s
count	count	size
request	actual	MB

8	0.5	68.3136	 479.6
8	0.5	96.0981	 340.9
16	0.5	88.9453	 368.4

16	1	47.3298	 692.3
32	1	23.2744	1407.8
32	1	35.3231  927.6
64	1	15.8692	2064.8
84	1	16.9040	1938.4
84	1	16.9522	1932.9
84	1	25.3312	1293.5
84	1	35.5392	 922.0

16	2	75.2017	 435.7
16	2	41.5898	 787.8
64	2	30.2833	1082.0
64	2	16.5296	1982.3
84	2	37.3664	 876.9
84	2	14.1022	2323.5

64	4	105.114	 311.7
